L_1xx: 0.2948635027286643
L_1xy: 0.007950224642941463
L_1xz: 9.310396523921739e-05
L_1yy: 0.11350016774623556
L_1yz: 0.00018710326437239235
L_1zz: 0.25065343014390495
l_1x: -0.04774629602006741
l_1y: 1.3124776494944914
l_1z: -0.0071593278549063
m_1: 10.76768767
L_2xx: 0.026068399567247713
L_2xy: 1.3466772047875293e-05
L_2xz: 0.0001170014538992409
L_2yy: 0.014722016956250276
L_2yz: -3.658929201603989e-05
L_2zz: 0.019348136639933563
l_2x: -0.0091829432778148
l_2y: 0.1203406033546184
l_2z: 0.0597559546040184
m_2: 3.87493756
L_3xx: 0.13671601022982002
L_3xy: 0.016804341893703847
L_3xz: -5.098354246793442e-06
L_3yy: 0.005883535414949282
L_3yz: 5.29476123100595e-06
L_3zz: 0.13951370169796007
l_3x: -0.0689527275069978
l_3y: 0.37398727014185695
l_3z: 5.963749185690001e-05
m_3: 1.80228141
L_4xx: 0.05719268907382418
L_4xy: -1.4664960862005844e-05
L_4xz: -8.193104072137586e-05
L_4yy: 0.057164710331919694
L_4yz: 9.416994916116324e-05
L_4zz: 0.003004403916759314
l_4x: 0.0119651256995648
l_4y: -0.0005506465517368
l_4z: 0.3185421897008248
m_4: 2.40016804
L_5xx: 5.5875116438106664e-05
L_5xy: -2.5644166207300225e-07
L_5xz: 1.8822125803638124e-09
L_5yy: 7.817171765487431e-05
L_5yz: 8.326150732760728e-07
L_5zz: 6.593536865538978e-05
l_5x: 1.10406465499e-05
l_5y: 0.0006326831305123001
l_5z: 0.0005393766104656001
m_5: 0.12376019
L_6xx: 0.0009310667837560834
L_6xy: -1.482919758097513e-06
L_6xz: 2.0050697830214196e-06
L_6yy: 0.0004983343572518748
L_6yz: 0.00022161841983553936
L_6zz: 0.0005748349955269667
l_6x: -5.1251927736799995e-05
l_6y: -0.007118901958061599
l_6z: 0.0103169938266304
m_6: 0.41797364
L_7xx: 3.8450469630123506e-05
L_7xy: 1.9089296612290408e-07
L_7xz: -1.7711087782618944e-08
L_7yy: 3.8779079316551796e-05
L_7yz: 3.623287873060732e-08
L_7zz: 7.408226329976235e-05
l_7x: -5.4739540422e-06
l_7y: 1.11984715689e-05
l_7z: -0.00022211045626559998
m_7: 0.06864753
